Camino de 1 a 1087562
Distancia total: 437
Numero de nodos en el camino: 110
Secuencia de nodos:
1
0
6309
6310
6332
7304
3428
3431
3432
3162
3151
3110
3142
3096
3092
3093
3383
3380
3041
2990
2978
2976
2962
2963
4031
4024
4026
3987
3957
3924
3900
4283
3945
3953
4281
3922
4385
4289
4267
4266
4260
1306
1307
3791
3790
4285
448
3862
1068258
1060207
1060205
1060202
1060201
1060203
1060187
1059624
1060189
1069070
1069057
1068794
1068788
1068789
1069035
1069034
1068730
1068710
1068711
1068695
1068617
1068994
1068991
1068992
1068989
1074153
1074208
1074284
1074053
1074237
1075501
1075504
1075510
1075527
1075579
1069496
1069499
1069517
1069513
1069516
1069520
1069518
1069541
1069537
1069467
1069468
1069459
1069460
1074028
1074027
1066777
1074024
1074022
1074025
1074023
1074015
1066776
1074030
1074010
1074011
1074002
1087562
