Camino de 1 a 500000
Distancia total: 516
Numero de nodos en el camino: 110
Secuencia de nodos:
1
0
6309
6310
7291
7292
3470
3437
3449
3504
3469
3467
2328
2326
2117
2079
2087
2345
2346
2310
2094
2308
2322
2321
2320
2312
2130
2288
2292
2284
2057
2056
1664
1662
1661
1554
1624
1660
1659
1656
1658
1506
1612
1498
1497
1668
389468
1669
493060
492989
492648
492439
491734
491733
491711
492426
491747
492628
492672
488194
488102
488193
488192
488167
488144
488002
488180
488181
487933
487470
487467
487469
486734
486707
487357
487338
487331
487333
487334
487464
486690
486141
486137
486139
486343
486198
486184
486201
486213
486182
486183
486275
485935
485936
485963
485933
485937
485154
485155
499952
499956
500005
500021
499854
499944
499943
499833
499826
499949
500000
